Taxon	515rcbc12	515rcbc21	515rcbc17	515rcbc34	515rcbc33	515rcbc31	515rcbc20	515rcbc15	515rcbc26	515rcbc22	515rcbc37	515rcbc24	515rcbc18	515rcbc35	515rcbc11	515rcbc27	515rcbc13	515rcbc23	515rcbc32	515rcbc16	515rcbc19	515rcbc9	515rcbc30	515rcbc29	515rcbc14	515rcbc10	515rcbc28	515rcbc8	515rcbc25	515rcbc36
D_0__Archaea;D_1__Bathyarchaeota	0.373498943	0.294783547	0.257943421	0.274755788	0.268061249	0.396327183	0.34214876	0.247762072	0.263180042	0.279870194	0.350948532	0.285091474	0.25343903	0.291139093	0.352010136	0.31704637	0.31301341	0.268086729	0.307206695	0.288911101	0.356072605	0.260613261	0.242526274	0.266605348	0.251803956	0.283813033	0.237861011	0.295549183	0.20714915	0.397611975
D_0__Archaea;D_1__Euryarchaeota	0.196165554	0.080516436	0.058907894	0.053459119	0.063061643	0.081297275	0.12231405	0.050226403	0.03835287	0.080720042	0.094670628	0.05571776	0.050976918	0.030497518	0.09352249	0.086455205	0.09619634	0.150931576	0.071984364	0.099782455	0.090510898	0.088851315	0.051557546	0.092693647	0.107537454	0.090708727	0.085198556	0.069392844	0.084282311	0.199805899
D_0__Archaea;D_1__Parvarchaeota	0.066657329	0.098627053	0.229788913	0.183142647	0.160935283	0.094882426	0.168595041	0.272130089	0.122218883	0.139345068	0.149026572	0.14502605	0.175294941	0.109921285	0.122249109	0.159167827	0.095184279	0.112047832	0.09528179	0.128292568	0.093797743	0.146475955	0.143610542	0.180146423	0.136250771	0.134138829	0.124305054	0.105124049	0.157233987	0.189659736
D_0__Archaea;D_1__Thaumarchaeota	0.10750283	0.124374454	0.102164769	0.087732504	0.226371591	0.115738836	0.090909091	0.067721633	0.094766723	0.174917577	0.093376044	0.109989852	0.102923758	0.047356611	0.142947646	0.092374185	0.087391414	0.13159185	0.158934503	0.177028457	0.124129231	0.125531234	0.111998063	0.108453295	0.212150249	0.112788286	0.172915162	0.117715996	0.188746044	0.068670411
D_0__Archaea;D_1__Woesearchaeota (DHVEG-6)	0.163722795	0.217690175	0.160110115	0.193312592	0.139996847	0.180934899	0.161983471	0.18387553	0.220432154	0.181319904	0.1602629	0.201486487	0.200988575	0.257455788	0.154049872	0.195472859	0.232723286	0.1817798	0.216999137	0.158760583	0.18870979	0.183460525	0.17433775	0.163392923	0.148965954	0.190934213	0.194061372	0.233337489	0.236067152	0.048966268
D_0__Bacteria;Ambiguous_taxa	0.041172572	0.060982643	0.042621594	0.040479058	0.035886016	0.040739627	0.031404959	0.041179765	0.055017867	0.046907267	0.039202669	0.048364694	0.054287713	0.039485158	0.038738355	0.043103069	0.04943915	0.051182175	0.041236167	0.036588664	0.042056206	0.04368688	0.042538381	0.038642929	0.047852751	0.043933066	0.063267148	0.032165565	0.053137338	0.041966885
D_0__Bacteria;D_1__Acidobacteria	0.009222223	0.030137853	0.024901098	0.032232704	0.018682012	0.034504858	0.019834711	0.015796019	0.032080954	0.018057978	0.027518215	0.016781092	0.032557706	0.088620694	0.030014436	0.01618929	0.025250907	0.016261713	0.039740508	0.026746237	0.026483986	0.031348535	0.062430484	0.034173683	0.014806606	0.041316523	0.01198556	0.064056851	0.008728424	0.01914537
D_0__Bacteria;D_1__Actinobacteria	0.010453248	0.028798393	0.044209797	0.030693831	0.028919675	0.021449821	0.01322314	0.050549158	0.032267976	0.023849574	0.031302385	0.027751164	0.043805083	0.026614113	0.02218368	0.030576515	0.020359281	0.022267923	0.019315116	0.020649106	0.022678534	0.032567137	0.055333187	0.034130472	0.021055877	0.03755842	0.023537906	0.024086772	0.021429504	0.010322619
D_0__Bacteria;D_1__Aminicenantes	0.005836	0.001785947	0.017614615	0.015154556	0.007892559	0.010317435	0.003305785	0.003873062	0.02078616	0.004264768	0.008862923	0.013940779	0.008496153	0.027497762	0.013792101	0.007838254	0.003204858	0.010582371	0.007992145	0.014187441	0.006139183	0.011805206	0.017887003	0.013599101	0.004749446	0.01459161	0.015189531	0.023039521	0.018974125	0.010322619
D_0__Bacteria;D_1__Armatimonadetes	0.001619467	0.014994512	0.036904063	0.04369062	0.018149929	0.008766655	0.019834711	0.026162156	0.069492035	0.016505271	0.021825364	0.06033823	0.034245745	0.032753148	0.011361866	0.019178082	0.022602682	0.032196557	0.006533189	0.029815381	0.01946177	0.049018264	0.064624744	0.031537816	0.028288366	0.016060943	0.045929603	0.013140506	0.005604137	0.005264241
D_0__Bacteria;D_1__BJ-169	0.008634507	0.025598571	0.015063865	0.030041483	0.019292921	0.008442257	0.018181818	0.028487892	0.034365294	0.019719374	0.010373272	0.021112428	0.025134064	0.037880638	0.009658625	0.020130393	0.029670237	0.009302136	0.015562203	0.008966369	0.016413203	0.013496017	0.015775974	0.023327736	0.009765527	0.02124882	0.012572202	0.011320284	0.003377166	0.002146869
D_0__Bacteria;D_1__BRC1	0.001485173	0.002567299	0.001761462	0.001873411	0.001783462	0.001052315	0.001652893	0.001148629	0.000774805	0.00202887	0.002804933	0.003520628	0.002135696	0.001151069	0.001557843	0.001450443	0.001686767	0.004439965	0.004624617	0.000776105	0.003160698	0.003092202	0.002678511	0.003703795	0.002791341	0.000672503	0.003781588	0.001171924	0.001933305	0.001294003
D_0__Bacteria;D_1__Bacteroidetes	0.003143628	0.000967388	0.000471648	0.000719256	0.000807977	0.000371871	0	0.000636018	0.000333968	0.001304274	0.001593335	0.00047622	0.000941945	0.000441825	0.000685451	0.001054868	0.000961457	0.001961212	0.000321154	0.000529163	0.000581681	0.000746394	0.000544782	0.000376553	0.00137484	0.001073744	0.000902527	0.000224411	0.001142037	0.001117548
D_0__Bacteria;D_1__Candidatus Berkelbacteria	0.000242595	0.000148829	0.000115506	0.000183996	0.000266041	0.000142419	0	0.000180363	5.34E-05	0.000217379	0.000282153	0.000204094	0.00019585	2.33E-05	0.000290797	0.000146509	8.43E-05	0.000898889	0.000137637	0.000311618	0.000301353	0.000517906	0.00040102	0.000111114	0.000291633	0.000197795	0.000451264	0.000174542	0.000212093	0.00070582
D_0__Bacteria;D_1__Chlamydiae	0.000576163	0.000279054	0.000308015	0.000936705	0.001211966	0.001052315	0	0.000246813	0.00062786	0.0001915	0.000398334	0.000748346	0.000643507	0.000325555	0.000976248	0.000483481	0.001265075	0.000394966	0.000578077	0.000764346	0.000686804	0.000502673	0.000930669	0.000759278	0.000466612	0.000519918	0.00034296	0.000723102	0.00062812	0.000529365
D_0__Bacteria;D_1__Chlorobi	0.000448368	0.000455789	0.000577528	0.00080289	0.000453256	0.000490553	0	0.001025222	0.001082056	0.000657312	0.000929445	0.000816377	0.001016554	0.002127734	0.000529667	0.000366274	0.000640972	0.000354108	0.001862693	0.000776105	0.001072255	0.000578836	0.001452752	0.000617299	0.000641592	0.000192144	0.000604693	0.001471138	0.001974092	0.000470547
D_0__Bacteria;D_1__Chloroflexi	0.001101064	0.001581307	0.000741161	0.00209086	0.002601293	0.001028579	0	0.001946024	0.001583008	0.002810399	0.001394168	0.001428661	0.002135696	0.001104561	0.002045967	0.002168339	0.002513283	0.002097407	0.002578407	0.0019873	0.001864181	0.002665692	0.001324122	0.001246944	0.002566367	0.001073744	0.002870036	0.002568258	0.003148758	0.000411728
D_0__Bacteria;D_1__Cyanobacteria	9.75E-05	1.86E-05	5.78E-05	0	3.94E-05	6.33E-05	0	9.49E-06	2.67E-05	2.59E-05	8.30E-05	5.67E-05	0	4.65E-05	0.000124627	0	1.69E-05	8.17E-05	0	1.00E-04	0.000168197	0.000228488	0.00010593	4.32E-05	1.67E-05	2.83E-05	2.71E-05	0.000124673	4.89E-05	0.000411728
D_0__Bacteria;D_1__Deinococcus-Thermus	0.000151622	9.30E-06	9.63E-06	1.67E-05	0	7.91E-06	0	0	0	1.04E-05	8.30E-05	4.54E-05	0	2.33E-05	0	5.86E-05	0	0	1.84E-05	5.88E-06	2.10E-05	7.62E-05	9.84E-05	1.23E-05	8.33E-06	1.13E-05	2.71E-05	7.48E-05	0	0.00035291
D_0__Bacteria;D_1__Elusimicrobia	0.007347165	0.01395271	0.005101501	0.00767764	0.004473435	0.001178909	0.00661157	0.005914014	0.011281435	0.005346486	0.004116114	0.006281571	0.009997668	0.004046182	0.001942111	0.00373599	0.015889348	0.002737525	0.007799453	0.003774694	0.004513281	0.003533946	0.008247391	0.005284081	0.006424251	0.008239569	0.00284296	0.002119436	0.000929944	0.000235273
D_0__Bacteria;D_1__FBP	4.69E-05	0.000130225	0.00021176	0.000150542	9.85E-05	3.16E-05	0	9.49E-05	0.000394082	0.000113865	0.000165972	3.97E-05	0.000139893	0.000302301	7.27E-05	5.86E-05	0.000101206	0.000190673	0.000284451	1.18E-05	0.000161189	0.00018279	0.000348055	0.000166671	0.000116653	0.000243005	0.000135379	0.000448822	5.71E-05	0.000176455
D_0__Bacteria;D_1__FCPU426	7.80E-05	0.000427883	3.85E-05	6.69E-05	0.000354722	4.75E-05	0	0.000246813	2.00E-05	0.000605556	6.64E-05	6.80E-05	0.000102588	8.14E-05	0.000197327	7.33E-05	0.000236147	0.000245151	3.67E-05	0.00014699	6.31E-05	3.05E-05	7.57E-05	0.000302477	0.000191644	4.52E-05	0.00017148	0.000124673	0.000530231	8.82E-05
D_0__Bacteria;D_1__Fibrobacteres	1.16E-05	2.79E-05	2.89E-05	3.35E-05	3.94E-05	6.33E-05	0	2.85E-05	2.00E-05	2.59E-05	6.64E-05	3.40E-05	5.60E-05	0.00011627	8.31E-05	0	0	0	0.000183517	6.47E-05	0.000147172	0	7.57E-06	2.47E-05	2.50E-05	4.52E-05	7.22E-05	0.000224411	2.45E-05	8.82E-05
D_0__Bacteria;D_1__Firmicutes	3.61E-06	9.30E-06	9.63E-06	0	9.85E-06	8.70E-05	0	4.75E-05	1.34E-05	4.14E-05	4.98E-05	1.70E-05	9.33E-06	0	4.15E-05	1.47E-05	1.69E-05	5.45E-05	4.59E-05	0.000341016	0.000105123	0	7.57E-06	4.32E-05	4.17E-05	0	5.42E-05	0.000573495	0.001965935	5.88E-05
D_0__Bacteria;D_1__Fusobacteria	0.000311186	0.000186036	8.66E-05	5.02E-05	0.000246335	4.75E-05	0	0.000208842	0.000240457	0.000383001	0.000248959	0.000192756	0.000214502	0.000197658	0.00025964	0.000234415	0.00101206	5.45E-05	2.75E-05	8.23E-05	0.000182213	0.000228488	0.000136195	0.000209882	0.000366624	0.000209097	0.000469314	9.97E-05	8.16E-05	2.94E-05
D_0__Bacteria;D_1__Gemmatimonadetes	7.44E-05	6.51E-05	1.93E-05	0.000167269	4.93E-05	0.000118682	0	1.90E-05	0.00010687	5.69E-05	1.66E-05	7.37E-05	0	3.49E-05	5.19E-05	4.40E-05	3.37E-05	4.09E-05	7.34E-05	8.82E-05	2.80E-05	6.09E-05	7.57E-06	5.56E-05	3.33E-05	2.26E-05	2.71E-05	4.99E-05	0.000106046	2.94E-05
D_0__Bacteria;D_1__Gracilibacteria	0	0	0	0	0	0.000245276	0	0	0	0	0	5.67E-06	0	0	0.000155784	0	0	0	9.18E-05	0.000229304	0	0	1.51E-05	0	0	0	0	0.000374018	0.000807583	2.94E-05
D_0__Bacteria;D_1__Hydrogenedentes	2.89E-06	0	0	1.67E-05	9.85E-06	2.37E-05	0	0	0	5.18E-06	0	0	0	1.16E-05	0	0	0	0	0	4.70E-05	1.40E-05	1.52E-05	1.51E-05	0	0	0	0	0	8.16E-06	2.94E-05
D_0__Bacteria;D_1__Ignavibacteriae	6.50E-06	0.000279054	1.93E-05	0	2.96E-05	7.91E-06	0	3.80E-05	1.34E-05	0.000129392	0	0.000102047	0	0	1.04E-05	0	0.000185544	0	2.75E-05	5.88E-06	3.50E-05	0	0	6.79E-05	0	1.13E-05	9.03E-06	0	2.45E-05	2.94E-05
D_0__Bacteria;D_1__Latescibacteria	9.60E-05	0.00010232	4.81E-05	0.000117088	0	0.000142419	0	0.000104421	4.01E-05	0.00030019	0.000199167	6.80E-05	2.80E-05	0.000197658	0.000321954	5.86E-05	3.37E-05	2.72E-05	0.00022022	0.000129351	0.000182213	3.05E-05	5.30E-05	6.79E-05	0.000158315	1.70E-05	5.42E-05	0.000224411	0.000138676	2.94E-05
D_0__Bacteria;D_1__Lentisphaerae	0	0	0	0	0	0	0	0	0	0	0	0	0	0	0	0	0	0	0	0	0	0	0	0	0	0	0	0	0	0
D_0__Bacteria;D_1__Microgenomates	0	0	0	0	0	0	0	0	0	0	0	0	0	0	0	0	0	0	0	0	0	0	0	0	0	0	0	0	0	0
D_0__Bacteria;D_1__Nitrospirae	0	0	0	0	0	0	0	0	0	0	0	0	0	0	0	0	0	0	0	0	0	0	0	0	0	0	0	0	0	0
D_0__Bacteria;D_1__Omnitrophica	0	0	0	0	0	0	0	0	0	0	0	0	0	0	0	0	0	0	0	0	0	0	0	0	0	0	0	0	0	0
D_0__Bacteria;D_1__PAUC34f	0	0	0	0	0	0	0	0	0	0	0	0	0	0	0	0	0	0	0	0	0	0	0	0	0	0	0	0	0	0
D_0__Bacteria;D_1__Parcubacteria	0	0	0	0	0	0	0	0	0	0	0	0	0	0	0	0	0	0	0	0	0	0	0	0	0	0	0	0	0	0
D_0__Bacteria;D_1__Peregrinibacteria	0	0	0	0	0	0	0	0	0	0	0	0	0	0	0	0	0	0	0	0	0	0	0	0	0	0	0	0	0	0
D_0__Bacteria;D_1__Planctomycetes	0	0	0	0	0	0	0	0	0	0	0	0	0	0	0	0	0	0	0	0	0	0	0	0	0	0	0	0	0	0
D_0__Bacteria;D_1__Proteobacteria	0	0	0	0	0	0	0	0	0	0	0	0	0	0	0	0	0	0	0	0	0	0	0	0	0	0	0	0	0	0
D_0__Bacteria;D_1__RBG-1 (Zixibacteria)	0	0	0	0	0	0	0	0	0	0	0	0	0	0	0	0	0	0	0	0	0	0	0	0	0	0	0	0	0	0
D_0__Bacteria;D_1__RsaHf231	0	0	0	0	0	0	0	0	0	0	0	0	0	0	0	0	0	0	0	0	0	0	0	0	0	0	0	0	0	0
D_0__Bacteria;D_1__SBR1093	0	0	0	0	0	0	0	0	0	0	0	0	0	0	0	0	0	0	0	0	0	0	0	0	0	0	0	0	0	0
D_0__Bacteria;D_1__SR1 (Absconditabacteria)	0	0	0	0	0	0	0	0	0	0	0	0	0	0	0	0	0	0	0	0	0	0	0	0	0	0	0	0	0	0
D_0__Bacteria;D_1__Saccharibacteria	0	0	0	0	0	0	0	0	0	0	0	0	0	0	0	0	0	0	0	0	0	0	0	0	0	0	0	0	0	0
D_0__Bacteria;D_1__Spirochaetae	0	0	0	0	0	0	0	0	0	0	0	0	0	0	0	0	0	0	0	0	0	0	0	0	0	0	0	0	0	0
D_0__Bacteria;D_1__Synergistetes	0	0	0	0	0	0	0	0	0	0	0	0	0	0	0	0	0	0	0	0	0	0	0	0	0	0	0	0	0	0
D_0__Bacteria;D_1__TM6 (Dependentiae)	0	0	0	0	0	0	0	0	0	0	0	0	0	0	0	0	0	0	0	0	0	0	0	0	0	0	0	0	0	0
D_0__Bacteria;D_1__Tectomicrobia	0	0	0	0	0	0	0	0	0	0	0	0	0	0	0	0	0	0	0	0	0	0	0	0	0	0	0	0	0	0
D_0__Bacteria;D_1__Tenericutes	0	0	0	0	0	0	0	0	0	0	0	0	0	0	0	0	0	0	0	0	0	0	0	0	0	0	0	0	0	0
D_0__Bacteria;D_1__Verrucomicrobia	0	0	0	0	0	0	0	0	0	0	0	0	0	0	0	0	0	0	0	0	0	0	0	0	0	0	0	0	0	0
D_0__Bacteria;D_1__WS1	0	0	0	0	0	0	0	0	0	0	0	0	0	0	0	0	0	0	0	0	0	0	0	0	0	0	0	0	0	0
D_0__Bacteria;D_1__WS2	0	0	0	0	0	0	0	0	0	0	0	0	0	0	0	0	0	0	0	0	0	0	0	0	0	0	0	0	0	0
k__Archaea;p__Crenarchaeota	0	0	0	0	0	0	0	0	0	0	0	0	0	0	0	0	0	0	0	0	0	0	0	0	0	0	0	0	0	0
k__Archaea;p__Euryarchaeota	0	0	0	0	0	0	0	0	0	0	0	0	0	0	0	0	0	0	0	0	0	0	0	0	0	0	0	0	0	0
k__Archaea;p__[Parvarchaeota]	0	0	0	0	0	0	0	0	0	0	0	0	0	0	0	0	0	0	0	0	0	0	0	0	0	0	0	0	0	0
k__Bacteria;p__	0	0	0	0	0	0	0	0	0	0	0	0	0	0	0	0	0	0	0	0	0	0	0	0	0	0	0	0	0	0
k__Bacteria;p__AC1	0	0	0	0	0	0	0	0	0	0	0	0	0	0	0	0	0	0	0	0	0	0	0	0	0	0	0	0	0	0
k__Bacteria;p__AD3	0	0	0	0	0	0	0	0	0	0	0	0	0	0	0	0	0	0	0	0	0	0	0	0	0	0	0	0	0	0
k__Bacteria;p__Acidobacteria	0	0	0	0	0	0	0	0	0	0	0	0	0	0	0	0	0	0	0	0	0	0	0	0	0	0	0	0	0	0
k__Bacteria;p__Actinobacteria	0	0	0	0	0	0	0	0	0	0	0	0	0	0	0	0	0	0	0	0	0	0	0	0	0	0	0	0	0	0
k__Bacteria;p__Armatimonadetes	0	0	0	0	0	0	0	0	0	0	0	0	0	0	0	0	0	0	0	0	0	0	0	0	0	0	0	0	0	0
k__Bacteria;p__BHI80-139	0	0	0	0	0	0	0	0	0	0	0	0	0	0	0	0	0	0	0	0	0	0	0	0	0	0	0	0	0	0
k__Bacteria;p__BRC1	0	0	0	0	0	0	0	0	0	0	0	0	0	0	0	0	0	0	0	0	0	0	0	0	0	0	0	0	0	0
k__Bacteria;p__Bacteroidetes	0	0	0	0	0	0	0	0	0	0	0	0	0	0	0	0	0	0	0	0	0	0	0	0	0	0	0	0	0	0
k__Bacteria;p__Chlamydiae	0	0	0	0	0	0	0	0	0	0	0	0	0	0	0	0	0	0	0	0	0	0	0	0	0	0	0	0	0	0
k__Bacteria;p__Chlorobi	0	0	0	0	0	0	0	0	0	0	0	0	0	0	0	0	0	0	0	0	0	0	0	0	0	0	0	0	0	0
k__Bacteria;p__Chloroflexi	0	0	0	0	0	0	0	0	0	0	0	0	0	0	0	0	0	0	0	0	0	0	0	0	0	0	0	0	0	0
k__Bacteria;p__Cyanobacteria	0	0	0	0	0	0	0	0	0	0	0	0	0	0	0	0	0	0	0	0	0	0	0	0	0	0	0	0	0	0
k__Bacteria;p__Elusimicrobia	0	0	0	0	0	0	0	0	0	0	0	0	0	0	0	0	0	0	0	0	0	0	0	0	0	0	0	0	0	0
k__Bacteria;p__FBP	0	0	0	0	0	0	0	0	0	0	0	0	0	0	0	0	0	0	0	0	0	0	0	0	0	0	0	0	0	0
k__Bacteria;p__FCPU426	0	0	0	0	0	0	0	0	0	0	0	0	0	0	0	0	0	0	0	0	0	0	0	0	0	0	0	0	0	0
k__Bacteria;p__Fibrobacteres	0	0	0	0	0	0	0	0	0	0	0	0	0	0	0	0	0	0	0	0	0	0	0	0	0	0	0	0	0	0
k__Bacteria;p__Firmicutes	0	0	0	0	0	0	0	0	0	0	0	0	0	0	0	0	0	0	0	0	0	0	0	0	0	0	0	0	0	0
k__Bacteria;p__Fusobacteria	0	0	0	0	0	0	0	0	0	0	0	0	0	0	0	0	0	0	0	0	0	0	0	0	0	0	0	0	0	0
k__Bacteria;p__GAL15	0	0	0	0	0	0	0	0	0	0	0	0	0	0	0	0	0	0	0	0	0	0	0	0	0	0	0	0	0	0
k__Bacteria;p__GN02	0	0	0	0	0	0	0	0	0	0	0	0	0	0	0	0	0	0	0	0	0	0	0	0	0	0	0	0	0	0
k__Bacteria;p__GN04	0	0	0	0	0	0	0	0	0	0	0	0	0	0	0	0	0	0	0	0	0	0	0	0	0	0	0	0	0	0
k__Bacteria;p__GOUTA4	0	0	0	0	0	0	0	0	0	0	0	0	0	0	0	0	0	0	0	0	0	0	0	0	0	0	0	0	0	0
k__Bacteria;p__Gemmatimonadetes	0	0	0	0	0	0	0	0	0	0	0	0	0	0	0	0	0	0	0	0	0	0	0	0	0	0	0	0	0	0
k__Bacteria;p__Kazan-3B-28	0	0	0	0	0	0	0	0	0	0	0	0	0	0	0	0	0	0	0	0	0	0	0	0	0	0	0	0	0	0
k__Bacteria;p__Lentisphaerae	0	0	0	0	0	0	0	0	0	0	0	0	0	0	0	0	0	0	0	0	0	0	0	0	0	0	0	0	0	0
k__Bacteria;p__MVP-21	0	0	0	0	0	0	0	0	0	0	0	0	0	0	0	0	0	0	0	0	0	0	0	0	0	0	0	0	0	0
k__Bacteria;p__NC10	4.19E-05	0	0	0	0	0	0	0	0	0	0	5.67E-06	9.33E-06	0	0	0	0	2.72E-05	0	0	1.40E-05	6.09E-05	0.000378321	0	0	1.13E-05	0	0	0	0
k__Bacteria;p__NKB19	0	6.51E-05	0	6.69E-05	3.94E-05	0	0	0	2.00E-05	1.55E-05	0	6.24E-05	3.73E-05	0	0	0	1.69E-05	4.09E-05	2.75E-05	0	7.01E-06	0	5.30E-05	6.17E-06	4.17E-05	0	0	2.49E-05	0	0
k__Bacteria;p__Nitrospirae	0	0	0	0	0	0	0	0	0	0	0	0	0	0	0	0	0	0	0	0	0	0	7.57E-06	0	0	0	0	0	0	0
k__Bacteria;p__OD1	0	0	0	0	0	0	0	0	1.34E-05	0	0	0	0	0	1.04E-05	0	0	0	0.000100934	2.94E-05	7.01E-06	0	7.57E-05	0	8.33E-06	3.39E-05	0	0.000149607	0.000513917	0
k__Bacteria;p__OP11	3.47E-05	3.72E-05	5.78E-05	5.02E-05	4.93E-05	3.16E-05	0	0.000113914	4.68E-05	7.76E-05	6.64E-05	1.70E-05	5.60E-05	4.65E-05	3.12E-05	5.86E-05	5.06E-05	1.36E-05	2.75E-05	2.35E-05	0.000161189	3.05E-05	9.08E-05	3.70E-05	5.00E-05	1.13E-05	8.12E-05	7.48E-05	8.97E-05	0
k__Bacteria;p__OP3	0	0	2.89E-05	0	0	7.91E-06	0	0	0	0	0	0	0	1.16E-05	0	0	0	0	0	0	0	0	7.57E-06	4.32E-05	0	0	1.81E-05	0	2.45E-05	0
k__Bacteria;p__OP8	0	2.79E-05	0	1.67E-05	0	0	0	6.64E-05	5.34E-05	5.18E-06	0	3.97E-05	1.87E-05	6.98E-05	0	0	0	0	0	0	0	0	7.57E-06	1.85E-05	0	5.65E-06	0	0	0	0
k__Bacteria;p__PAUC34f	2.02E-05	9.30E-06	0	5.02E-05	9.85E-06	0	0	9.49E-06	0	0	0	1.70E-05	5.60E-05	0	0	0	0	1.36E-05	3.67E-05	0	0	0	0	0	8.33E-06	0	0	0	0	0
k__Bacteria;p__Planctomycetes	0	5.58E-05	0	1.67E-05	0	7.91E-06	0	0	4.68E-05	0	0	0	1.87E-05	0	0	0	0	0	0	0	0	0	2.27E-05	0	0	0	0	0	0	0
k__Bacteria;p__Proteobacteria	0	0	0	0	0	0	0	0	0	0	0	0	0	0	0	0	0	0	0	0	0	0	0.000128629	0	0	0	0	0	0	0
k__Bacteria;p__SBR1093	0	0	0	0	0	0	0	0	0	0	0	0	0	0	0	0	0	0	9.18E-06	0	0	0	0	0	0	0	0	0	0	0
k__Bacteria;p__SR1	0	9.30E-06	0	0	0	0	0	0	0	0	0	0	0	0	0	0	0	0	0	0	0	0	0	0	0	0	0	0	0	0
k__Bacteria;p__Spirochaetes	0	0	0	0	9.85E-06	0	0	0	0	0	0	0	0	0	2.08E-05	0	0	0	0	0	0	0	0	6.17E-06	0	0	0	0	0	0
k__Bacteria;p__TM6	0	0	0	0	0	0	0	0	6.68E-05	0	0	0	2.80E-05	0	0	0	0	0	0	0	0	0	7.57E-06	0	0	0	0	0	0	0
k__Bacteria;p__TM7	0	0	0	0	0	0	0	0	0	0	0	0	0	0	0	0	0	0	0	0	0	0	0	0	0	1.13E-05	0	0	0	0
k__Bacteria;p__Tenericutes	0	0	0	0	1.97E-05	0	0	0	4.01E-05	0	0	0	0	0	0	0	0	0	0	0	0	0	0	0	0	0	0	0	0	0
k__Bacteria;p__Verrucomicrobia	0	0	0	3.35E-05	0	0	0	0	6.68E-05	0	3.32E-05	0	9.33E-06	0.00026742	0	0	0	0	0	0	0	4.57E-05	1.51E-05	2.47E-05	0	1.13E-05	9.03E-06	0	0	0
k__Bacteria;p__WPS-2	1.73E-05	0	0	0	0	0	0	0	0	0	3.32E-05	0	0	0	3.12E-05	0	0	0	0	0	0	0	1.51E-05	0	0	0	0	0	0	0
k__Bacteria;p__WS1	0.000171838	0.000297658	2.89E-05	0.000133815	0.000147801	0.000292749	0	9.49E-05	6.68E-05	0.000160446	0	1.70E-05	0	0.000139524	1.04E-05	0.002432056	0.000185544	8.17E-05	6.42E-05	4.12E-05	4.20E-05	0.000426511	1.51E-05	5.56E-05	0.001141533	0.000214749	0.000207581	2.49E-05	0.000864685	0
k__Bacteria;p__WS2	7.22E-07	0	0	0	0	0	0	0	0	0	0	0	0	0	0	0	0	0	0	0	0	0	1.51E-05	0	0	0	0	0	0	0
k__Bacteria;p__WS3	2.17E-06	0	4.81E-05	3.35E-05	0	4.75E-05	0	3.80E-05	0	1.04E-05	0	6.24E-05	0	1.16E-05	2.08E-05	2.93E-05	3.37E-05	1.36E-05	3.67E-05	5.88E-06	2.80E-05	9.14E-05	0	6.17E-06	8.33E-06	0	1.81E-05	2.49E-05	1.63E-05	0
k__Bacteria;p__WS4	0	0	0	0	0	0	0	0	6.68E-06	0	0	0	0	0	0	0	0	0	0	0	0	0	8.32E-05	0	0	5.65E-06	0	0	0	0
k__Bacteria;p__[Thermi]	1.44E-06	0	0	0	0	7.91E-06	0	1.90E-05	0	0	0	0	0	0	0	0	0	0	0	0	0	0	7.57E-06	6.17E-06	0	0	0	0	0	0